24 01 0E 22 53 52 32 30 31 37 30 35 32 32 30 31 FF 69 42  //设置设备编号为SR2017052201 
24 01 0E 22 32 30 31 37 30 34 32 38 31 31 31 30 FF 69 42  //设置设备编号为201704281110 
24 01 0E 22 32 30 31 37 30 34 32 38 31 31 31 31 FF 69 42  //设置设备编号为201704281111 
24 01 0E 22 45 46 35 32 43 45 43 45 30 30 32 32 FF 69 42  //设置设备编号为EF52CECE0022

//---------------------------------------------------------------------------------
设备编号 

//----------------------------------------------------------------------------------

24 01 02 23 FF 69 42  //读取设备编号
24 01 02 25 FF 69 42  //读取设备版本号

//----------------------------------------数据校验--------------------------------------
24 01 b0 04    //包头+数据长度
34 39 39 35 37 30 34 36 30 62 62 64 33 33 61 39 63 65 33 31 66 61 65 61 63 38 39 34 65 35 62 64 31 32
499570460bbd33a9ce31faeac894e5bd12 
32 30 31 37 30 34 32 38 31 31 31 30 
201704281110
ff 69 42  //CRC校验和包尾


//--------------------------------------------------------------------------------------
24 01 8E 04  
31 37 30 35 32 33 31 37 31 34 34 35 
170523171435
FF 69 42